16
59
7
44
36
96
52
37
25
49
79
59
19
52
94
23
96
85
93
17
74
15
21
18
69
81
21
84
45
36
75
18
2
55
6
67
89
26
84
58
54
12
63
29
79
17
73
99
36
68
44
57
45
80
69
2
39
89
75
56
75
69
93
90
75
62
57
64
46
27
35
71
2
35
63
62
52
92
40
53
9
23
48
77
92
18
73
23
86
5
29
1
51
28
83
85
19
74
54
18
60
9
54
9
34
74
55
11
18
7
50
47
50
23
47
53
22
17
99
57
89
35
78
41
99
35
20
74
52
78
44
79
38
23
93
100
70
40
43
18
63
63
5
79
56
83
51
29
82
31
64
3
76
98
30
26
31
13
10
100
55
81
59
41
64
71
9
27
31
48
84
82
74
81
95
26
30
100
86
17
84
92
93
22
14
41
3
41
94
68
69
57
30
44
63
83
5
65
16
85
74
25
98
35
48
82
30
95
4
4
96
32
28
94
17
64
89
38
27
24
68
68
34
64
79
27
53
30
19
12
21
66
85
1
43
60
94
59
74
32
12
9
38
90
72
37
30
37
27
99
95
68
38
92
17
7
91
35
56
21
30
100
77
92
83
30
48
28
51
58
71
30
64
96
12
60
30
45
92
42
98
16
3
20
18
54
29
93
84
37
69
59
3
54
2
12
32
47
7
43
90
3
87
70
29
65
4
42
81
58
77
47
43
14
24
14
97
57
74
30
2
56
44
14
89
12
27
10
94
1
28
84
38
50
53
95
30
34
91
54
50
87
13
27
61
23
16
90
30
89
15
76
74
78
42
34
59
73
81
17
38
95
49
80
30
93
9
94
62
29
85
64
66
20
80
15
44
18
53
67
96
38
80
6
86
53
11
61
9
19
36
57
53
75
16
56
39
33
97
68
14
23
28
2
5
52
10
54
98
27
91
41
21
15
22
1
15
43
95
77
83
49
85
43
93
28
11
92
5
24
76
11
21
86
53
74
10
79
2
34
44
58
63
82
29
95
37
39
53
15
42
96
39
21
86
66
38
86
9
77
41
18
49
75
52
80
21
35
62
49
91
36
42
61
33
26
87
3
15
98
92
73
39
90
82
80
73
1
100
88
36
25
71
25
94
27
9
88
31
49
75
2
77
5
25
7
54
78
88
61
80
36
71
11
86
69
79
59
93
72
8
20
36
75
13
67
65
18
68
7
17
99
73
67
24
90
97
35
66
76
26
95
13
40
8
100
55
61
40
26
48
50
96
60
41
55
67
2
92
59
43
37
11
82
44
82
64
5
88
96
72
45
94
18
46
13
8
96
67
13
13
4
79
43
60
67
3
13
26
69
24
95
43
8
33
90
84
32
96
27
37
50
74
44
54
3
57
78
15
29
48
72
36
79
47
39
59
69
22
78
79
51
79
19
73
78
3
86
85
57
29
77
100
40
77
63
30
36
89
57
10
25
99
98
21
52
59
64
62
95
31
16
10
19
49
87
72
55
71
76
1
71
94
58
100
72
72
96
3
84
9
24
80
65
68
54
52
82
99
21
19
40
25
91
26
14
67
82
92
90
91
76
65
14
57
39
32
41
98
50
81
63
61
78
86
8
36
46
51
96
36
90
57
50
57
61
47
3
33
87
6
90
5
14
93
34
59
67
9
29
22
11
85
50
41
56
79
47
6
18
78
22
32
96
55
2
19
15
57
96
93
29
8
11
44
91
59
47
85
52
49
70
37
22
74
25
6
8
10
2
82
100
98
16
10
85
59
9
60
92
16
45
10
13
37
94
3
74
6
50
98
33
63
55
69
8
85
10
23
31
97
12
6
56
14
93
32
93
2
60
32
50
88
94
37
5
60
25
85
80
22
32
2
61
4
50
38
44
47
2
100
50
87
30
95
4
39
55
99
45
63
11
72
47
18
49
45
69
18
65
49
60
25
43
9
65
11
46
53
64
55
88
46
1
60
83
64
59
99
33
67
6
27
41
18
11
61
56
43
55
6
69
26
83
54
41
25
44
21
31
93
94
3
35
90
75
65
72
87
35
86
86
71
85
98
43
33
85
25
99
5
56
3
98
59
86
63
64
47
20
59
20
39
69
40
73
3
93
51
43
46
89
69
8
70
21
99
41
85
11
8
40
19
23
26
38
91
6
77
4
13
2
25
68
77
66
48
3
45
26
41
41
35
82
53
16
87
96
29
39
88
22
79
37
12
19
2
17
43
3
82
98
16
47
31
45
65
1
32
4
74
96
96
60
71
67
6
37
70
11