11
81
7
95
98
87
24
84
51
63
8
67
86
25
30
16
98
96
34
95
14
38
29
92
56
77
10
50
92
8
41
82
92
65
63
85
87
1
83
1
79
11
9
77
89
99
94
69
80
66
63
48
38
46
88
74
52
15
39
21
78
75
93
44
22
27
76
21
63
45
30
98
14
34
16
3
29
52
4
58
84
41
70
26
45
93
44
46
77
90
33
72
62
62
23
5
19
66
55
63
24
73
7
35
37
66
34
4
30
86
45
1
11
82
37
38
5
68
99
30
83
30
45
74
13
58
36
53
12
12
85
64
97
42
35
12
34
35
89
79
60
41
17
92
45
33
61
81
25
86
100
52
67
26
81
94
28
34
23
79
30
82
93
18
2
82
4
70
48
26
4
70
79
20
71
43
13
54
29
81
97
56
28
26
12
34
97
71
61
41
85
1
13
11
50
78
48
99
91
64
29
92
33
100
82
31
73
48
56
38
82
75
5
42
83
75
55
67
7
69
85
33
9
7
42
3
57
69
71
93
95
15
64
65
52
6
23
28
45
82
61
50
15
24
60
10
96
71
28
75
24
81
93
23
79
96
83
27
59
80
74
5
77
64
44
67
12
41
90
77
52
27
23
25
8
36
18
86
48
32
8
86
41
97
70
14
22
42
86
57
24
97
70
66
8
57
73
52
80
93
99
56
81
52
23
98
59
68
15
44
78
97
79
27
72
88
64
81
94
30
45
70
55
34
54
56
57
58
18
52
63
67
6
56
33
52
5
90
74
72
56
55
27
43
79
27
19
43
94
20
93
93
58
51
48
29
1
48
98
68
41
1
51
64
82
12
91
24
95
20
83
75
7
23
74
91
44
13
56
27
37
14
65
98
60
70
9
56
8
4
51
58
92
7
32
56
5
64
62
67
37
96
49
74
38
18
87
36
77
58
86
89
92
72
31
28
37
53
5
12
4
36
16
91
70
25
84
1
91
19
86
80
52
90
91
42
66
92
61
42
84
73
79
51
19
63
67
20
76
5
20
52
60
50
63
1
80
58
5
13
35
86
45
59
72
6
38
2
81
89
62
46
93
63
28
31
57
66
73
7
59
64
25
87
100
35
21
2
27
90
62
8
87
49
8
98
28
20
79
13
25
65
39
88
43
74
60
97
22
33
45
15
86
98
54
71
62
58
60
38
85
36
76
92
27
54
59
45
56
30
3
37
87
60
83
94
25
38
45
26
75
24
80
95
46
48
23
90
95
38
37
70
61
41
29
90
90
48
61
89
16
15
42
93
30
8
28
27
16
61
46
24
14
35
63
62
57
81
46
80
32
69
50
19
93
33
77
46
32
94
4
78
78
56
10
60
83
88
65
39
20
96
75
35
93
14
57
27
79
68
33
9
3
82
58
47
66
24
100
97
31
82
96
23
57
69
47
59
25
3
79
69
16
8
60
36
95
16
27
80
77
51
68
65
61
95
75
97
98
63
95
60
89
69
8
38
1
52
78
24
68
98
2
76
89
65
93
95
22
22
53
50
98
20
20
81
15
31
62
62
94
51
61
62
9
20
81
48
1
22
35
43
38
3
13
80
49
93
76
97
3
81
75
77
11
45
63
69
49
27
24
70
91
17
31
18
38
40
68
70
84
46
95
100
87
10
13
95
8
41
32
22
56
66
60
14
76
85
51
64
57
13
100
74
98
66
53
22
72
96
43
9
25
7
13
58
87
75
90
2
33
68
61
8
95
3
15
25
58
18
42
53
90
5
13
72
46
21
3
22
57
92
24
13
99
24
98
49
53
3
27
1
95
50
31
90
52
93
80
96
51
29
65
55
54
90
20
21
94
42
12
66
73
68
45
42
44
49
9
72
6
66
72
55
91
42
58
40
74
23
21
54
42
7
72
29
28
69
59
10
4
77
55
12
91
62
28
28
6
90
46
3
84
8
91
85
57
10
64
13
32
80
48
72
22
58
25
67
97
16
15
75
91
99
69
29
11
61
64
30
14
31
35
85
77
18
70
34
16
87
72
18
6
46
78
24
30
84
90
34
37
61
31
90
76
71
13
85
40
63
75
97
46
35
99
2
46
63
95
5
88
92
51
11
45
97
70
45
22
45
100
28
71
31
94
53
100
46
9
6
6
85
95
54
13
75
73
71
47
77
79
67
90
86
46
45
11
21
45
80
2
68
64
95
64
47
27
15
42
47
2
100
55
89
99
3
97
97
99
70
24
100
98
45
67
33
38
85
86
49
43
80
1
30
5
38
22
1
91
66